        "21": [
            [
                1,
                0,
                63
            ],
            [
                2,
                0,
                53
            ],
            [
                1,
                0,
                56
            ],
            [
                0,
                10,
                0
            ],
            [
                2,
                0,
                77
            ],
            [
                1,
                0,
                60
            ],
            [
                2,
                0,
                18
            ]
        ],
        "22": [
            [
                1,
                0,
                63
            ],
            [
                2,
                0,
                53
            ],
            [
                1,
                0,
                56
            ],
            [
                0,
                10,
                0
            ],
            [
                2,
                0,
                77
            ],
            [
                1,
                0,
                60
            ],
            [
                2,
                0,
                24
            ]